3.404999999999999716e+01
4.739374999999999716e+01
5.206250000000000000e+01
5.439062500000000000e+01
5.700000000000000000e+01
5.862187500000000284e+01
6.042499999999999716e+01
6.204999999999999716e+01
6.374062500000000142e+01
6.497812500000000568e+01
6.635625000000000284e+01
6.796250000000000568e+01
6.958124999999999716e+01
7.135312500000000568e+01
7.258437499999999432e+01
7.434375000000000000e+01
7.600624999999999432e+01
7.831562499999999716e+01
7.970312500000000000e+01
8.162812499999999716e+01
8.383750000000000568e+01
8.527500000000000568e+01
8.670937499999999432e+01
8.852500000000000568e+01
8.990000000000000568e+01
9.107812500000000000e+01
9.210937500000000000e+01
9.292187500000000000e+01
9.380625000000000568e+01
9.456874999999999432e+01
9.495000000000000284e+01
9.565625000000000000e+01
9.626874999999999716e+01
9.625937500000000568e+01
9.658437499999999432e+01
9.688750000000000284e+01
9.710625000000000284e+01
9.734375000000000000e+01
9.740312500000000284e+01
9.762812499999999716e+01
9.787187500000000284e+01
9.787500000000000000e+01
9.795937499999999432e+01
9.807187500000000568e+01
9.813124999999999432e+01
9.823125000000000284e+01
9.823749999999999716e+01
9.826874999999999716e+01
9.833124999999999716e+01
9.837812499999999716e+01
