3.678437499999999716e+01
4.999062500000000142e+01
5.439999999999999858e+01
5.736562500000000142e+01
5.969687499999999858e+01
6.198125000000000284e+01
6.403749999999999432e+01
6.620000000000000284e+01
6.779999999999999716e+01
7.007812500000000000e+01
7.270937499999999432e+01
7.494062499999999716e+01
7.755312499999999432e+01
8.047187499999999716e+01
8.337500000000000000e+01
8.651562500000000000e+01
8.955625000000000568e+01
9.136875000000000568e+01
9.350000000000000000e+01
9.498125000000000284e+01
9.632500000000000284e+01
9.700624999999999432e+01
9.767187500000000000e+01
9.773125000000000284e+01
9.815625000000000000e+01
9.819687500000000568e+01
9.832812500000000000e+01
9.843750000000000000e+01
9.840625000000000000e+01
9.848749999999999716e+01
9.855312499999999432e+01
9.841562500000000568e+01
9.857187500000000568e+01
9.852500000000000568e+01
9.854062500000000568e+01
9.857812500000000000e+01
9.858437499999999432e+01
9.854375000000000284e+01
9.857812500000000000e+01
9.857500000000000284e+01
9.854062500000000568e+01
9.859999999999999432e+01
9.859999999999999432e+01
9.853125000000000000e+01
9.855937500000000284e+01
9.857812500000000000e+01
9.859375000000000000e+01
9.864374999999999716e+01
9.859687499999999716e+01
9.855625000000000568e+01
9.858437499999999432e+01
9.860625000000000284e+01
9.865000000000000568e+01
9.864062500000000000e+01
9.866562500000000568e+01
9.862500000000000000e+01
9.860937500000000000e+01
9.855312499999999432e+01
9.855937500000000284e+01
9.860625000000000284e+01
9.853125000000000000e+01
9.859999999999999432e+01
9.864374999999999716e+01
9.859062500000000284e+01
9.859375000000000000e+01
9.859062500000000284e+01
9.859375000000000000e+01
9.856562499999999716e+01
9.859062500000000284e+01
9.859375000000000000e+01
9.860937500000000000e+01
9.860625000000000284e+01
9.865312500000000284e+01
9.858437499999999432e+01
9.868437500000000284e+01
9.859062500000000284e+01
9.857812500000000000e+01
9.857500000000000284e+01
9.865312500000000284e+01
9.861562499999999432e+01
9.861249999999999716e+01
9.861249999999999716e+01
9.862500000000000000e+01
9.854687500000000000e+01
9.861249999999999716e+01
9.858750000000000568e+01
9.870312500000000000e+01
9.865312500000000284e+01
9.861562499999999432e+01
9.861249999999999716e+01
9.860312500000000568e+01
9.863437500000000568e+01
9.869687500000000568e+01
9.867187500000000000e+01
9.858750000000000568e+01
9.860625000000000284e+01
9.857812500000000000e+01
9.862187500000000284e+01
9.863124999999999432e+01
9.861875000000000568e+01
