1.614767059087753198e+00
1.287687180519103913e+00
1.183161032795906120e+00
1.115064988493919440e+00
1.066405200839042555e+00
1.021254236698150741e+00
9.871662904024124385e-01
9.452659577131271584e-01
9.115707899332046171e-01
8.795404337644576742e-01
8.438664903640746839e-01
8.103114076852798719e-01
7.690262507200240627e-01
7.287269059419632100e-01
6.877684981822967947e-01
6.496429553627968145e-01
6.058528929948806541e-01
5.565470591187476890e-01
5.155757865309715804e-01
4.682194465696811747e-01
4.217964273393154384e-01
3.809851118922233382e-01
3.404391444623470209e-01
3.010005020052194391e-01
2.691908285021781810e-01
2.417865377813577521e-01
2.168146653175354044e-01
1.980258586183190339e-01
1.729210603758692677e-01
1.583390210792422204e-01
1.474389475770294666e-01
1.312648599632084412e-01
1.196243804581463288e-01
1.148435405492782557e-01
1.090866016559302876e-01
1.015177735723555019e-01
9.694269300810992585e-02
9.183090287446975253e-02
8.893781506922096569e-02
8.137861576862633062e-02
7.335268316976725766e-02
7.463071068190038626e-02
7.106163782253861749e-02
6.738745083566755056e-02
6.497502087149768790e-02
6.280801621126011480e-02
6.043974271230399820e-02
6.037769115949049442e-02
5.823681804584339428e-02
5.474773927964270148e-02
