1.552504042625427294e+00
1.233017737030982941e+00
1.126997136354446427e+00
1.054638709545135500e+00
9.993933908939361954e-01
9.484394980669021979e-01
8.985063813924789589e-01
8.530312038660049501e-01
8.061368045806884819e-01
7.504943968057632420e-01
6.944204930663109288e-01
6.368760449290276071e-01
5.662076529264450375e-01
4.989986678957938904e-01
4.311843610405922123e-01
3.520535826683044434e-01
2.847894949615001892e-01
2.418106807768344857e-01
1.938737050443887777e-01
1.545416794493794377e-01
1.228537573963403712e-01
1.064499428533017683e-01
9.207445043511688909e-02
8.929645521193742275e-02
7.632881534285843039e-02
7.396917296294122646e-02
6.689532478991895570e-02
6.327704102918506324e-02
5.997664276277646367e-02
5.629619337804615820e-02
5.392196846101433155e-02
5.512691627163440050e-02
4.882003480521961841e-02
4.849318635975941733e-02
4.544226241204887828e-02
4.386111829243600352e-02
4.183359093125909450e-02
4.188077852223068276e-02
3.923485636478289684e-02
3.856733723729848656e-02
3.728367252135649651e-02
3.764075856981798779e-02
3.565070760622620488e-02
3.598344085691496802e-02
3.350369471544399624e-02
3.244749683095142501e-02
3.217407980421557734e-02
3.025043249712325646e-02
3.027341109607368727e-02
3.028520284662954490e-02
2.885523992474190932e-02
2.835504438751377046e-02
2.774294187338091286e-02
2.662525424035265889e-02
2.690043842606246530e-02
2.703278160397894550e-02
2.642653270380105821e-02
2.581311803637072536e-02
2.552308404212817391e-02
2.505586126202251698e-02
2.458207731926813702e-02
2.447457786730956181e-02
2.349944223195779905e-02
2.414407371776178604e-02
2.378632181242574042e-02
2.310248414264060718e-02
2.266544556187000126e-02
2.289302235411014297e-02
2.277014906448312018e-02
2.238408346974756630e-02
2.213632391078863143e-02
2.186077974725049097e-02
2.156102997687412565e-02
2.161830648651812126e-02
2.119605774362571388e-02
2.177270736568607395e-02
2.142651255370583291e-02
2.102327441330999191e-02
2.088467887556180388e-02
2.083750656305346713e-02
2.075924236956052521e-02
2.026088583806995302e-02
2.035090456571196985e-02
2.059621230413904297e-02
2.011794530943734546e-02
2.016901493939803752e-02
1.977767387742642227e-02
1.957910070323851115e-02
1.979433147632516862e-02
1.982967534568160634e-02
1.944850743119604791e-02
1.991970941598992725e-02
1.934420306875836090e-02
1.933223490789532512e-02
1.924478378967614881e-02
1.910482544644037314e-02
1.927888614562107278e-02
1.903739067906281071e-02
1.961852980422554640e-02
1.898324844072339992e-02
