2.850312500000000071e+01
4.547812499999999858e+01
5.014062500000000000e+01
5.361562500000000142e+01
5.592499999999999716e+01
5.807500000000000284e+01
5.974374999999999858e+01
6.184687499999999716e+01
6.311249999999999716e+01
6.485312500000000568e+01
6.620937499999999432e+01
6.791249999999999432e+01
6.987812499999999716e+01
7.138750000000000284e+01
7.336875000000000568e+01
7.564374999999999716e+01
7.723125000000000284e+01
7.931562499999999716e+01
8.156250000000000000e+01
8.354062500000000568e+01
8.515625000000000000e+01
8.716875000000000284e+01
8.906562499999999716e+01
9.018437500000000284e+01
9.179062500000000568e+01
9.272187499999999716e+01
9.408750000000000568e+01
9.454375000000000284e+01
9.507187500000000568e+01
9.586249999999999716e+01
9.625624999999999432e+01
9.661562499999999432e+01
9.694374999999999432e+01
9.720312500000000000e+01
9.759375000000000000e+01
9.779375000000000284e+01
9.786875000000000568e+01
9.793750000000000000e+01
9.809062500000000284e+01
9.814374999999999716e+01
9.821875000000000000e+01
9.827187499999999432e+01
9.830625000000000568e+01
9.838124999999999432e+01
9.834999999999999432e+01
9.850624999999999432e+01
9.845624999999999716e+01
9.850624999999999432e+01
9.856874999999999432e+01
9.852500000000000568e+01
