1.672065299987792963e+00
1.269370680570602428e+00
1.144814253449440100e+00
1.067799122095107967e+00
1.010051293253898530e+00
9.596334036588668459e-01
9.114632219076156394e-01
8.631031634807586617e-01
8.160734988451003868e-01
7.562265856266021657e-01
6.966502760052680765e-01
6.285795347690582568e-01
5.482594438791275060e-01
4.613118865489959641e-01
3.785386650264263020e-01
2.987056363821029570e-01
2.334002970010042310e-01
1.773146330267190984e-01
1.383587518222630097e-01
1.142978621385991600e-01
9.761074615269899057e-02
8.088459529913961943e-02
7.653207413479685972e-02
6.955626819096505375e-02
6.028617636114359107e-02
5.770110798813402747e-02
5.292908467538654654e-02
5.112347432412207154e-02
4.753092054743320027e-02
4.439488389715552652e-02
4.167973222350701556e-02
3.802076628385111373e-02
3.831327857100404882e-02
3.532960761245339948e-02
3.460553499823436352e-02
3.177390926005319027e-02
3.133868440031074148e-02
3.008484817366115921e-02
2.916321893362328402e-02
2.911303765559569018e-02
2.691050934186205168e-02
2.670576346339657847e-02
2.617764097510371507e-02
2.545536872500088130e-02
2.469560410967096623e-02
2.388135549775324828e-02
2.380965954973362358e-02
2.330053601448889983e-02
2.262886836344841709e-02
2.235811226977966679e-02
2.244399185047950621e-02
2.174062110879458609e-02
2.179701954137999720e-02
2.130918683216441456e-02
2.093350437830667973e-02
2.096580173098482047e-02
2.058197814616141708e-02
2.034335030312649922e-02
2.024530475068604674e-02
1.992752194573404328e-02
2.000664425373542901e-02
1.967892609332920831e-02
1.980546957592014060e-02
1.934785293735330827e-02
1.945560856047086340e-02
1.906779883411945792e-02
1.921496679761912699e-02
1.895341474073939173e-02
1.876970289793098226e-02
1.884809117455733818e-02
1.912108716310467402e-02
1.870605749369133250e-02
1.846708751423284389e-02
1.841644176206318553e-02
1.853073106112424276e-02
1.844790047706919636e-02
1.826861635202658291e-02
1.793221847596578392e-02
1.802792136068455744e-02
1.801479479204863218e-02
1.789391243288991976e-02
1.771361074439482819e-02
1.770639473080518750e-02
1.769073232042137414e-02
1.776487285620532985e-02
1.768242327269399505e-02
1.771180646534776387e-02
1.768201338197104497e-02
1.747958844338427450e-02
1.754789791343500799e-02
1.741325779067119661e-02
1.736239554564235690e-02
1.729441201940062553e-02
1.736241178083582776e-02
1.728626350231934200e-02
1.731013072791393048e-02
1.725223119219299397e-02
1.716529089261894028e-02
1.706253107360680699e-02
1.714360196489724333e-02
