1.739355550050735388e+00
1.337426993846893231e+00
1.210568299174308748e+00
1.135595514178276089e+00
1.079428369641304064e+00
1.032059715151786738e+00
9.922620400190352852e-01
9.507579859495163266e-01
9.144036221504211470e-01
8.787638431787491156e-01
8.402740374803543411e-01
7.969106506109238097e-01
7.611889636516571134e-01
7.150201176404953340e-01
6.695119978785515347e-01
6.179667662382125615e-01
5.737357252836227106e-01
5.177320483922958072e-01
4.685635730922222408e-01
4.149496254026889819e-01
3.748261146545410205e-01
3.285417436063289842e-01
2.867189622223377254e-01
2.581256186068058289e-01
2.214659295827150209e-01
2.023332640007138306e-01
1.682536210790276654e-01
1.582862454205751501e-01
1.440963023640215446e-01
1.269775508940219899e-01
1.211726901531219452e-01
1.124868395030498569e-01
1.019842915087938312e-01
9.065219840779900617e-02
8.297566039301454421e-02
7.969132621027529007e-02
7.590866429917514369e-02
7.281919219158590473e-02
6.858302382472902803e-02
6.588246782077476771e-02
6.148319477215409556e-02
6.006709382869303282e-02
5.731031578127294968e-02
5.338966521341353966e-02
5.408730069361627341e-02
5.081091991718858503e-02
4.985201404104009498e-02
4.683910536626353927e-02
4.610544754471630063e-02
4.542873471137136299e-02
