3.128750000000000142e+01
4.815625000000000000e+01
5.282187499999999858e+01
5.621562500000000284e+01
5.889374999999999716e+01
6.112187500000000284e+01
6.324374999999999858e+01
6.537500000000000000e+01
6.726562500000000000e+01
6.984375000000000000e+01
7.225000000000000000e+01
7.527500000000000568e+01
7.831874999999999432e+01
8.209999999999999432e+01
8.543750000000000000e+01
8.889374999999999716e+01
9.166562500000000568e+01
9.423125000000000284e+01
9.589374999999999716e+01
9.691249999999999432e+01
9.760312500000000568e+01
9.809999999999999432e+01
9.820312500000000000e+01
9.833750000000000568e+01
9.847499999999999432e+01
9.845937499999999432e+01
9.851874999999999716e+01
9.849375000000000568e+01
9.857812500000000000e+01
9.859687499999999716e+01
9.855312499999999432e+01
9.862187500000000284e+01
9.853437499999999716e+01
9.857812500000000000e+01
9.860312500000000568e+01
9.861562499999999432e+01
9.854062500000000568e+01
9.856562499999999716e+01
9.853437499999999716e+01
9.858124999999999716e+01
9.864062500000000000e+01
9.853125000000000000e+01
9.860937500000000000e+01
9.859999999999999432e+01
9.860937500000000000e+01
9.863750000000000284e+01
9.857187500000000568e+01
9.860625000000000284e+01
9.860937500000000000e+01
9.863750000000000284e+01
9.857500000000000284e+01
9.859375000000000000e+01
9.855937500000000284e+01
9.854375000000000284e+01
9.860625000000000284e+01
9.858750000000000568e+01
9.861249999999999716e+01
9.859999999999999432e+01
9.864374999999999716e+01
9.859375000000000000e+01
9.865312500000000284e+01
9.860937500000000000e+01
9.858750000000000568e+01
9.861562499999999432e+01
9.859999999999999432e+01
9.859375000000000000e+01
9.852187499999999432e+01
9.860937500000000000e+01
9.859062500000000284e+01
9.858124999999999716e+01
9.858124999999999716e+01
9.859375000000000000e+01
9.860625000000000284e+01
9.866562500000000568e+01
9.854687500000000000e+01
9.860937500000000000e+01
9.856562499999999716e+01
9.865937499999999716e+01
9.863750000000000284e+01
9.859999999999999432e+01
9.864687499999999432e+01
9.863437500000000568e+01
9.859375000000000000e+01
9.865625000000000000e+01
9.859375000000000000e+01
9.864687499999999432e+01
9.862187500000000284e+01
9.856874999999999432e+01
9.860937500000000000e+01
9.860625000000000284e+01
9.861562499999999432e+01
9.862500000000000000e+01
9.859062500000000284e+01
9.861562499999999432e+01
9.861249999999999716e+01
9.858437499999999432e+01
9.859687499999999716e+01
9.862500000000000000e+01
9.861249999999999716e+01
9.864687499999999432e+01
