2.595625000000000071e+01
4.068750000000000000e+01
4.705312500000000142e+01
5.116562499999999858e+01
5.386249999999999716e+01
5.591875000000000284e+01
5.785000000000000142e+01
5.980312500000000142e+01
6.083749999999999858e+01
6.279062499999999858e+01
6.436875000000000568e+01
6.624687500000000284e+01
6.787187500000000284e+01
6.947812500000000568e+01
7.145000000000000284e+01
7.356874999999999432e+01
7.576874999999999716e+01
7.770624999999999716e+01
8.019687500000000568e+01
8.263750000000000284e+01
8.457500000000000284e+01
8.665000000000000568e+01
8.852812500000000284e+01
9.005625000000000568e+01
9.152187499999999432e+01
9.282187500000000568e+01
9.371562500000000284e+01
9.479062500000000568e+01
9.506874999999999432e+01
9.567187500000000000e+01
9.621250000000000568e+01
9.689062500000000000e+01
9.715937499999999716e+01
9.745937499999999432e+01
9.763124999999999432e+01
9.766562500000000568e+01
9.788437500000000568e+01
9.803437499999999716e+01
9.811875000000000568e+01
9.806250000000000000e+01
9.829062500000000568e+01
9.829062500000000568e+01
9.824062499999999432e+01
9.838750000000000284e+01
9.848749999999999716e+01
9.850624999999999432e+01
9.860625000000000284e+01
9.860312500000000568e+01
9.861562499999999432e+01
9.853749999999999432e+01
