1.753722060680389383e+00
1.357879455804824831e+00
1.200855823993682847e+00
1.107012550354003810e+00
1.041704467058181871e+00
9.889648662805556878e-01
9.252486147880554235e-01
8.660610607862472277e-01
7.933082915544510394e-01
7.140428220033645523e-01
6.165134189128875786e-01
5.040460571646689925e-01
4.003017027974128950e-01
3.081671206653118222e-01
2.241813393756747208e-01
1.702180884741246736e-01
1.393837871253490457e-01
1.046397019587457233e-01
8.826812007464468479e-02
7.328148350119591259e-02
6.088377629313618256e-02
5.260018887370825069e-02
5.174057791754603508e-02
4.337822181545197830e-02
3.996646108897403127e-02
3.616415527323260659e-02
3.306298595108091848e-02
3.032973700389265947e-02
2.881218956178054069e-02
2.778784780285786793e-02
2.638590701343491648e-02
2.518749468657188045e-02
2.469714497495442695e-02
2.373045098967850250e-02
2.304884548211703216e-02
2.226271560986060535e-02
2.185398068715585507e-02
2.144831796537619018e-02
2.114656228420790443e-02
2.063679018706898044e-02
2.037168283993378431e-02
2.006715495296521046e-02
1.993637753627262865e-02
1.959889141307212534e-02
1.938314933871151946e-02
1.913148556649684959e-02
1.910676426679128875e-02
1.880128663673531417e-02
1.861570406207465472e-02
1.870580240670824401e-02
1.825749990998883771e-02
1.820866531023057275e-02
1.814094345722696774e-02
1.812344267664593722e-02
1.767463848707848117e-02
1.796462898878962641e-02
1.767708752054022656e-02
1.765516404356458346e-02
1.740687340850127079e-02
1.738589632610091848e-02
1.753490314376540335e-02
1.719090289142332154e-02
1.711901365617813850e-02
1.721761281692306411e-02
1.703998919963487305e-02
1.709006848672288414e-02
1.701697527358192116e-02
1.695902153858332845e-02
1.687995171677903264e-02
1.683893688197713248e-02
1.679817895087762705e-02
1.668684929143637516e-02
1.675254630536073680e-02
1.678248830723168966e-02
1.663951109294430422e-02
1.650024314972688491e-02
1.661067966553673655e-02
1.647898872457153469e-02
1.652501640727859974e-02
1.637552085627976342e-02
1.640492475486826293e-02
1.642936626967275368e-02
1.636345830002392324e-02
1.621418729693686889e-02
1.628395236573123780e-02
1.632824596858699698e-02
1.623455318732885608e-02
1.618833329646440777e-02
1.603574052210024123e-02
1.612570459028938794e-02
1.616761867988680129e-02
1.604524692517588988e-02
1.604495297680841662e-02
1.609274505282519419e-02
1.582805882998218269e-02
1.596087084867758507e-02
1.599949250089412189e-02
1.598234770155977300e-02
1.582446572804474191e-02
1.589258344336121759e-02
