1.783571579456329381e+00
1.429066127538681119e+00
1.287600050568580734e+00
1.197525440454483059e+00
1.133723937988281305e+00
1.083655825853347743e+00
1.038302544474601685e+00
9.961222181320190661e-01
9.584826433658599765e-01
9.229869964122772164e-01
8.825846976041793468e-01
8.413218740224838177e-01
8.009100122451782156e-01
7.607693182826041900e-01
7.175041479468345917e-01
6.656335165500640860e-01
6.088599464297295150e-01
5.560605185031890496e-01
5.025978659391403536e-01
4.436751707494258623e-01
3.933102785944938562e-01
3.516277702748775713e-01
3.055179623961448709e-01
2.678345627784728955e-01
2.314101859331131050e-01
2.061840306073427220e-01
1.815431635975837676e-01
1.623297170028090430e-01
1.509779278002679470e-01
1.387452822141349296e-01
1.257852569092064998e-01
1.084891916215419833e-01
9.947671938501298494e-02
9.123045740090310329e-02
8.502091365586966765e-02
8.452823345363140450e-02
7.736991024110466408e-02
7.388353365752846347e-02
6.873028387688100149e-02
6.625697424914687994e-02
6.166251312382519528e-02
6.019972090516239466e-02
6.081284251390024764e-02
5.725975590478629002e-02
5.291500270832329850e-02
5.304748601140454184e-02
5.000774958310649082e-02
4.678295849543064738e-02
4.590405881498008794e-02
4.330787570727989005e-02
