2.715312499999999929e+01
4.474374999999999858e+01
5.095624999999999716e+01
5.465937499999999716e+01
5.772812499999999858e+01
5.980624999999999858e+01
6.262500000000000000e+01
6.519062499999999716e+01
6.783750000000000568e+01
7.127187499999999432e+01
7.555625000000000568e+01
8.020937499999999432e+01
8.489374999999999716e+01
8.875000000000000000e+01
9.245937499999999432e+01
9.501562500000000000e+01
9.616249999999999432e+01
9.761249999999999716e+01
9.806250000000000000e+01
9.830625000000000568e+01
9.847187499999999716e+01
9.853749999999999432e+01
9.846562500000000284e+01
9.857187500000000568e+01
9.853125000000000000e+01
9.858437499999999432e+01
9.854687500000000000e+01
9.858437499999999432e+01
9.856562499999999716e+01
9.858437499999999432e+01
9.854687500000000000e+01
9.855312499999999432e+01
9.851250000000000284e+01
9.860937500000000000e+01
9.860937500000000000e+01
9.857500000000000284e+01
9.856874999999999432e+01
9.861249999999999716e+01
9.859062500000000284e+01
9.860937500000000000e+01
9.855937500000000284e+01
9.863437500000000568e+01
9.858124999999999716e+01
9.856562499999999716e+01
9.861875000000000568e+01
9.861875000000000568e+01
9.856562499999999716e+01
9.861249999999999716e+01
9.860937500000000000e+01
9.860312500000000568e+01
9.859687499999999716e+01
9.859375000000000000e+01
9.862812499999999716e+01
9.858437499999999432e+01
9.865625000000000000e+01
9.861875000000000568e+01
9.864687499999999432e+01
9.858750000000000568e+01
9.862812499999999716e+01
9.863750000000000284e+01
9.860312500000000568e+01
9.864374999999999716e+01
9.864062500000000000e+01
9.866875000000000284e+01
9.865625000000000000e+01
9.865312500000000284e+01
9.869374999999999432e+01
9.862187500000000284e+01
9.866562500000000568e+01
9.864687499999999432e+01
9.863750000000000284e+01
9.865937499999999716e+01
9.861562499999999432e+01
9.859375000000000000e+01
9.862187500000000284e+01
9.859999999999999432e+01
9.860625000000000284e+01
9.863124999999999432e+01
9.865312500000000284e+01
9.865000000000000568e+01
9.858437499999999432e+01
9.859999999999999432e+01
9.863437500000000568e+01
9.859062500000000284e+01
9.861562499999999432e+01
9.865625000000000000e+01
9.862500000000000000e+01
9.859999999999999432e+01
9.864062500000000000e+01
9.859687499999999716e+01
9.859999999999999432e+01
9.870000000000000284e+01
9.865312500000000284e+01
9.862812499999999716e+01
9.869374999999999432e+01
9.871250000000000568e+01
9.869374999999999432e+01
9.859687499999999716e+01
9.868437500000000284e+01
9.868437500000000284e+01
