6.695000000000000284e+01
6.949062499999999432e+01
6.969062499999999716e+01
7.016249999999999432e+01
7.060625000000000284e+01
7.067499999999999716e+01
7.067812499999999432e+01
7.079687500000000000e+01
7.083437499999999432e+01
7.093125000000000568e+01
7.118125000000000568e+01
7.100000000000000000e+01
7.135312500000000568e+01
7.107812500000000000e+01
7.140937499999999716e+01
7.121875000000000000e+01
7.101874999999999716e+01
7.130625000000000568e+01
7.165000000000000568e+01
7.150312499999999716e+01
7.161249999999999716e+01
7.163750000000000284e+01
7.150624999999999432e+01
7.153125000000000000e+01
7.158124999999999716e+01
7.144687500000000568e+01
7.182187500000000568e+01
7.157500000000000284e+01
7.166249999999999432e+01
7.169374999999999432e+01
7.201874999999999716e+01
7.153437499999999716e+01
7.146875000000000000e+01
7.189062500000000000e+01
7.159999999999999432e+01
7.179687500000000000e+01
7.188124999999999432e+01
7.183124999999999716e+01
7.217499999999999716e+01
7.205312499999999432e+01
7.198437500000000000e+01
7.199062499999999432e+01
7.222499999999999432e+01
7.190312500000000284e+01
7.193125000000000568e+01
7.159999999999999432e+01
7.191875000000000284e+01
7.161562499999999432e+01
7.229375000000000284e+01
7.229999999999999716e+01
7.210937500000000000e+01
7.204062500000000568e+01
7.199687500000000284e+01
7.195624999999999716e+01
7.201250000000000284e+01
7.209999999999999432e+01
7.192812499999999432e+01
7.183750000000000568e+01
7.212812499999999716e+01
7.229062500000000568e+01
7.205937500000000284e+01
7.190312500000000284e+01
7.224062499999999432e+01
7.215312500000000284e+01
7.229687500000000000e+01
7.228125000000000000e+01
7.202812500000000284e+01
7.225624999999999432e+01
7.208124999999999716e+01
7.191875000000000284e+01
