8.580825002193450679e-01
7.682503929138183585e-01
7.573622674942016575e-01
7.490895319581031275e-01
7.434097332358360344e-01
7.405637321472168244e-01
7.374957822561264420e-01
7.353335000276565170e-01
7.326061686873436285e-01
7.302499486207961743e-01
7.268505914807319446e-01
7.262008019685745053e-01
7.227007796764374215e-01
7.261665544509887660e-01
7.228222450017929290e-01
7.213959352970122918e-01
7.207915089130401132e-01
7.211480049490928135e-01
7.175380531549453433e-01
7.152826597690582489e-01
7.159936181306838510e-01
7.141206558942795324e-01
7.161677935719490407e-01
7.129856668114662455e-01
7.118093500733375656e-01
7.151986564993858542e-01
7.100253335237503016e-01
7.116329706311226300e-01
7.102698330283164774e-01
7.105398719906806937e-01
7.080977115631102992e-01
7.105567876100540303e-01
7.112044937610626505e-01
7.054398810863494740e-01
7.108946371078491699e-01
7.099609240293502932e-01
7.064444735646248086e-01
7.073158742785453645e-01
7.022713422179222009e-01
7.046761428713798070e-01
7.077272871136665033e-01
7.068332736492156654e-01
7.035285969972610021e-01
7.062585617303848151e-01
7.010803823471069007e-01
7.066172078251838906e-01
7.065838459730148235e-01
7.060776845812797298e-01
7.019910255074500727e-01
6.992743812203406906e-01
7.022421972155571401e-01
7.040912272930145432e-01
7.012244657278060567e-01
7.013766642808914042e-01
7.004950940608978271e-01
7.000248767733573407e-01
7.025895026922226450e-01
7.020393220782279453e-01
7.023142949938774304e-01
6.987808755040169073e-01
7.002938546538353126e-01
6.986259073615074255e-01
6.998332607150077322e-01
6.999204105734825321e-01
6.977141405940056051e-01
6.953515705466269958e-01
6.995610742568969531e-01
6.956926082372665299e-01
6.973357808589935036e-01
6.974920680522919136e-01
