7.289846110939979251e-01
5.913969085216522759e-01
5.565932551026344655e-01
5.339398202896118439e-01
5.184174292087554425e-01
5.050982344150543035e-01
4.943225055336952223e-01
4.844020586013794150e-01
4.760051981806754928e-01
4.684523125886916883e-01
4.614719299077987835e-01
4.539078848063946015e-01
4.477275349199771881e-01
4.417179335951805230e-01
4.363021496832370505e-01
4.306574707627296439e-01
4.266451498568057943e-01
4.213634933233261215e-01
4.170753518640994972e-01
4.124834380745887596e-01
4.085214153230190548e-01
4.035576942861079930e-01
4.007451047599315808e-01
3.966680073738098056e-01
3.925189829468727076e-01
3.893661231994628991e-01
3.856823638677597255e-01
3.823467532992362861e-01
3.794991916716098923e-01
3.767283169031143131e-01
3.729060968756675587e-01
3.698571092784404546e-01
3.675233040452003386e-01
3.648853144347667943e-01
3.622387254834175119e-01
3.594564124643802594e-01
3.562407405972480845e-01
3.539071205854416036e-01
3.510118457376956713e-01
3.489547733366489268e-01
3.466145932376384908e-01
3.445561700463294907e-01
3.414961605966090885e-01
3.398370143473148364e-01
3.382830010652542185e-01
3.356289733052253976e-01
3.332142896354198247e-01
3.319826670289039439e-01
3.289615736603737073e-01
3.273449034690856796e-01
