7.282500000000000284e+01
7.770937499999999432e+01
7.892812499999999432e+01
7.985937500000000000e+01
8.057187500000000568e+01
8.120937499999999432e+01
8.130937500000000284e+01
8.185312500000000568e+01
8.209375000000000000e+01
8.247499999999999432e+01
8.286249999999999716e+01
8.329375000000000284e+01
8.346562500000000284e+01
8.364062500000000000e+01
8.399062499999999432e+01
8.424687500000000284e+01
8.444687500000000568e+01
8.466875000000000284e+01
8.494687500000000568e+01
8.507812500000000000e+01
8.525312499999999716e+01
8.549687500000000284e+01
8.569062499999999716e+01
8.581874999999999432e+01
8.614062500000000000e+01
8.609062500000000284e+01
8.639062500000000000e+01
8.660937500000000000e+01
8.658437499999999432e+01
8.669062499999999716e+01
8.686875000000000568e+01
8.712187500000000284e+01
8.715312500000000284e+01
8.722499999999999432e+01
8.753749999999999432e+01
8.752187499999999432e+01
8.766249999999999432e+01
8.769062499999999716e+01
8.793750000000000000e+01
8.802812500000000284e+01
8.811249999999999716e+01
8.833750000000000568e+01
8.830312499999999432e+01
8.854062500000000568e+01
8.852812500000000284e+01
8.851562500000000000e+01
8.870937499999999432e+01
8.873125000000000284e+01
8.885625000000000284e+01
8.880625000000000568e+01
